  150.0000  100.0000
  148.8310  110.7485
  145.3788  120.9945
  139.8047  130.2587
  132.3693  138.1081
  123.4204  144.1756
  113.3764  148.1775
  102.7069  149.9267
   91.9109  149.3413
   81.4931  146.4488
   71.9406  141.3844
   63.7002  134.3850
   57.1571  125.7777
   52.6173  115.9651
   50.2931  105.4060
   50.2931   94.5940
   52.6173   84.0349
   57.1571   74.2223
   63.7002   65.6150
   71.9406   58.6156
   81.4931   53.5512
   91.9109   50.6587
  102.7069   50.0733
  113.3764   51.8225
  123.4204   55.8244
  132.3693   61.8919
  139.8047   69.7413
  145.3788   79.0055
  148.8310   89.2515
  150.0000  100.0000
  100       100